/*--------------------------------*- C++ -*----------------------------------*\
  =========                 |
  \\      /  F ield         | OpenFOAM: The Open Source CFD Toolbox
   \\    /   O peration     | Website:  https://openfoam.org
    \\  /    A nd           | Version:  9
     \\/     M anipulation  |
\*---------------------------------------------------------------------------*/
FoamFile
{
    format      ascii;
    class       volScalarField;
    location    "900";
    object      Ycered0;
}
// * * * * * * * * * * * * * * * * * * * * * * * * * * * * * * * * * * * * * //

dimensions      [0 3 0 0 0 0 0];

internalField   nonuniform List<scalar> 
480
(
7.40599e-10
7.40599e-10
7.40599e-10
7.40599e-10
7.40599e-10
7.40599e-10
7.40599e-10
7.40599e-10
7.40599e-10
7.40599e-10
7.40599e-10
7.40599e-10
7.40599e-10
7.40599e-10
7.40599e-10
7.40599e-10
7.40599e-10
7.40599e-10
7.40599e-10
7.40599e-10
7.40599e-10
7.40599e-10
7.40599e-10
7.40599e-10
7.40599e-10
7.40599e-10
7.40599e-10
7.40599e-10
7.40599e-10
7.40599e-10
7.40599e-10
7.40599e-10
7.40599e-10
7.40599e-10
7.40599e-10
7.40599e-10
7.40599e-10
7.40599e-10
7.40599e-10
7.40599e-10
7.40599e-10
7.40599e-10
7.40599e-10
7.40599e-10
7.40599e-10
7.40599e-10
7.40599e-10
7.40599e-10
7.40599e-10
7.40599e-10
7.40599e-10
7.40599e-10
7.40599e-10
7.40599e-10
7.40599e-10
7.40599e-10
7.40599e-10
7.40599e-10
7.40599e-10
7.40599e-10
2.01698e-09
2.01698e-09
2.01698e-09
2.01698e-09
2.01698e-09
2.01698e-09
2.01698e-09
2.01698e-09
2.01698e-09
2.01698e-09
2.01698e-09
2.01698e-09
2.01698e-09
2.01698e-09
2.01698e-09
2.01698e-09
2.01698e-09
2.01698e-09
2.01698e-09
2.01698e-09
2.01698e-09
2.01698e-09
2.01698e-09
2.01698e-09
2.01698e-09
2.01698e-09
2.01698e-09
2.01698e-09
2.01698e-09
2.01698e-09
2.01698e-09
2.01698e-09
2.01698e-09
2.01698e-09
2.01698e-09
2.01698e-09
2.01698e-09
2.01698e-09
2.01698e-09
2.01698e-09
2.01698e-09
2.01698e-09
2.01698e-09
2.01698e-09
2.01698e-09
2.01698e-09
2.01698e-09
2.01698e-09
2.01698e-09
2.01698e-09
2.01698e-09
2.01698e-09
2.01698e-09
2.01698e-09
2.01698e-09
2.01698e-09
2.01698e-09
2.01698e-09
2.01698e-09
2.01698e-09
3.02313e-09
3.02313e-09
3.02313e-09
3.02313e-09
3.02313e-09
3.02313e-09
3.02313e-09
3.02313e-09
3.02313e-09
3.02313e-09
3.02313e-09
3.02313e-09
3.02313e-09
3.02313e-09
3.02313e-09
3.02313e-09
3.02313e-09
3.02313e-09
3.02313e-09
3.02313e-09
3.02313e-09
3.02313e-09
3.02313e-09
3.02313e-09
3.02313e-09
3.02313e-09
3.02313e-09
3.02313e-09
3.02313e-09
3.02313e-09
3.02313e-09
3.02313e-09
3.02313e-09
3.02313e-09
3.02313e-09
3.02313e-09
3.02313e-09
3.02313e-09
3.02313e-09
3.02313e-09
3.02313e-09
3.02313e-09
3.02313e-09
3.02313e-09
3.02313e-09
3.02313e-09
3.02313e-09
3.02313e-09
3.02313e-09
3.02313e-09
3.02313e-09
3.02313e-09
3.02313e-09
3.02313e-09
3.02313e-09
3.02313e-09
3.02313e-09
3.02313e-09
3.02313e-09
3.02313e-09
3.80256e-09
3.80256e-09
3.80256e-09
3.80256e-09
3.80256e-09
3.80256e-09
3.80256e-09
3.80256e-09
3.80256e-09
3.80256e-09
3.80256e-09
3.80256e-09
3.80256e-09
3.80256e-09
3.80256e-09
3.80256e-09
3.80256e-09
3.80256e-09
3.80256e-09
3.80256e-09
3.80256e-09
3.80256e-09
3.80256e-09
3.80256e-09
3.80256e-09
3.80256e-09
3.80256e-09
3.80256e-09
3.80256e-09
3.80256e-09
3.80256e-09
3.80256e-09
3.80256e-09
3.80256e-09
3.80256e-09
3.80256e-09
3.80256e-09
3.80256e-09
3.80256e-09
3.80256e-09
3.80256e-09
3.80256e-09
3.80256e-09
3.80256e-09
3.80256e-09
3.80256e-09
3.80256e-09
3.80256e-09
3.80256e-09
3.80256e-09
3.80256e-09
3.80256e-09
3.80256e-09
3.80256e-09
3.80256e-09
3.80256e-09
3.80256e-09
3.80256e-09
3.80256e-09
3.80256e-09
4.3924e-09
4.3924e-09
4.3924e-09
4.3924e-09
4.3924e-09
4.3924e-09
4.3924e-09
4.3924e-09
4.3924e-09
4.3924e-09
4.3924e-09
4.3924e-09
4.3924e-09
4.3924e-09
4.3924e-09
4.3924e-09
4.3924e-09
4.3924e-09
4.3924e-09
4.3924e-09
4.3924e-09
4.3924e-09
4.3924e-09
4.3924e-09
4.3924e-09
4.3924e-09
4.3924e-09
4.3924e-09
4.3924e-09
4.3924e-09
4.3924e-09
4.3924e-09
4.3924e-09
4.3924e-09
4.3924e-09
4.3924e-09
4.3924e-09
4.3924e-09
4.3924e-09
4.3924e-09
4.3924e-09
4.3924e-09
4.3924e-09
4.3924e-09
4.3924e-09
4.3924e-09
4.3924e-09
4.3924e-09
4.3924e-09
4.3924e-09
4.3924e-09
4.3924e-09
4.3924e-09
4.3924e-09
4.3924e-09
4.3924e-09
4.3924e-09
4.3924e-09
4.3924e-09
4.3924e-09
4.82428e-09
4.82428e-09
4.82428e-09
4.82428e-09
4.82428e-09
4.82428e-09
4.82428e-09
4.82428e-09
4.82428e-09
4.82428e-09
4.82428e-09
4.82428e-09
4.82428e-09
4.82428e-09
4.82428e-09
4.82428e-09
4.82428e-09
4.82428e-09
4.82428e-09
4.82428e-09
4.82428e-09
4.82428e-09
4.82428e-09
4.82428e-09
4.82428e-09
4.82428e-09
4.82428e-09
4.82428e-09
4.82428e-09
4.82428e-09
4.82428e-09
4.82428e-09
4.82428e-09
4.82428e-09
4.82428e-09
4.82428e-09
4.82428e-09
4.82428e-09
4.82428e-09
4.82428e-09
4.82428e-09
4.82428e-09
4.82428e-09
4.82428e-09
4.82428e-09
4.82428e-09
4.82428e-09
4.82428e-09
4.82428e-09
4.82428e-09
4.82428e-09
4.82428e-09
4.82428e-09
4.82428e-09
4.82428e-09
4.82428e-09
4.82428e-09
4.82428e-09
4.82428e-09
4.82428e-09
5.12515e-09
5.12515e-09
5.12515e-09
5.12515e-09
5.12515e-09
5.12515e-09
5.12515e-09
5.12515e-09
5.12515e-09
5.12515e-09
5.12515e-09
5.12515e-09
5.12515e-09
5.12515e-09
5.12515e-09
5.12515e-09
5.12515e-09
5.12515e-09
5.12515e-09
5.12515e-09
5.12515e-09
5.12515e-09
5.12515e-09
5.12515e-09
5.12515e-09
5.12515e-09
5.12515e-09
5.12515e-09
5.12515e-09
5.12515e-09
5.12515e-09
5.12515e-09
5.12515e-09
5.12515e-09
5.12515e-09
5.12515e-09
5.12515e-09
5.12515e-09
5.12515e-09
5.12515e-09
5.12515e-09
5.12515e-09
5.12515e-09
5.12515e-09
5.12515e-09
5.12515e-09
5.12515e-09
5.12515e-09
5.12515e-09
5.12515e-09
5.12515e-09
5.12515e-09
5.12515e-09
5.12515e-09
5.12515e-09
5.12515e-09
5.12515e-09
5.12515e-09
5.12515e-09
5.12515e-09
5.31787e-09
5.31787e-09
5.31787e-09
5.31787e-09
5.31787e-09
5.31787e-09
5.31787e-09
5.31787e-09
5.31787e-09
5.31787e-09
5.31787e-09
5.31787e-09
5.31787e-09
5.31787e-09
5.31787e-09
5.31787e-09
5.31787e-09
5.31787e-09
5.31787e-09
5.31787e-09
5.31787e-09
5.31787e-09
5.31787e-09
5.31787e-09
5.31787e-09
5.31787e-09
5.31787e-09
5.31787e-09
5.31787e-09
5.31787e-09
5.31787e-09
5.31787e-09
5.31787e-09
5.31787e-09
5.31787e-09
5.31787e-09
5.31787e-09
5.31787e-09
5.31787e-09
5.31787e-09
5.31787e-09
5.31787e-09
5.31787e-09
5.31787e-09
5.31787e-09
5.31787e-09
5.31787e-09
5.31787e-09
5.31787e-09
5.31787e-09
5.31787e-09
5.31787e-09
5.31787e-09
5.31787e-09
5.31787e-09
5.31787e-09
5.31787e-09
5.31787e-09
5.31787e-09
5.31787e-09
)
;

boundaryField
{
    inlet
    {
        type            zeroGradient;
    }
    outlet
    {
        type            zeroGradient;
    }
    axis
    {
        type            empty;
    }
    negZside
    {
        type            wedge;
    }
    posZside
    {
        type            wedge;
    }
    tubeWall
    {
        type            zeroGradient;
    }
}


// ************************************************************************* //
