/*--------------------------------*- C++ -*----------------------------------*\
  =========                 |
  \\      /  F ield         | OpenFOAM: The Open Source CFD Toolbox
   \\    /   O peration     | Website:  https://openfoam.org
    \\  /    A nd           | Version:  9
     \\/     M anipulation  |
\*---------------------------------------------------------------------------*/
FoamFile
{
    format      ascii;
    class       volScalarField;
    location    "900";
    object      Yceria0;
}
// * * * * * * * * * * * * * * * * * * * * * * * * * * * * * * * * * * * * * //

dimensions      [0 3 0 0 0 0 0];

internalField   nonuniform List<scalar> 
480
(
8.13104e-07
8.13104e-07
8.13104e-07
8.13104e-07
8.13104e-07
8.13104e-07
8.13104e-07
8.13104e-07
8.13104e-07
8.13104e-07
8.13104e-07
8.13104e-07
8.13104e-07
8.13104e-07
8.13104e-07
8.13104e-07
8.13104e-07
8.13104e-07
8.13104e-07
8.13104e-07
8.13104e-07
8.13104e-07
8.13104e-07
8.13104e-07
8.13104e-07
8.13104e-07
8.13104e-07
8.13104e-07
8.13104e-07
8.13104e-07
8.13104e-07
8.13104e-07
8.13104e-07
8.13104e-07
8.13104e-07
8.13104e-07
8.13104e-07
8.13104e-07
8.13104e-07
8.13104e-07
8.13104e-07
8.13104e-07
8.13104e-07
8.13104e-07
8.13104e-07
8.13104e-07
8.13104e-07
8.13104e-07
8.13104e-07
8.13104e-07
8.13104e-07
8.13104e-07
8.13104e-07
8.13104e-07
8.13104e-07
8.13104e-07
8.13104e-07
8.13104e-07
8.13104e-07
8.13104e-07
2.21445e-06
2.21445e-06
2.21445e-06
2.21445e-06
2.21445e-06
2.21445e-06
2.21445e-06
2.21445e-06
2.21445e-06
2.21445e-06
2.21445e-06
2.21445e-06
2.21445e-06
2.21445e-06
2.21445e-06
2.21445e-06
2.21445e-06
2.21445e-06
2.21445e-06
2.21445e-06
2.21445e-06
2.21445e-06
2.21445e-06
2.21445e-06
2.21445e-06
2.21445e-06
2.21445e-06
2.21445e-06
2.21445e-06
2.21445e-06
2.21445e-06
2.21445e-06
2.21445e-06
2.21445e-06
2.21445e-06
2.21445e-06
2.21445e-06
2.21445e-06
2.21445e-06
2.21445e-06
2.21445e-06
2.21445e-06
2.21445e-06
2.21445e-06
2.21445e-06
2.21445e-06
2.21445e-06
2.21445e-06
2.21445e-06
2.21445e-06
2.21445e-06
2.21445e-06
2.21445e-06
2.21445e-06
2.21445e-06
2.21445e-06
2.21445e-06
2.21445e-06
2.21445e-06
2.21445e-06
3.3191e-06
3.3191e-06
3.3191e-06
3.3191e-06
3.3191e-06
3.3191e-06
3.3191e-06
3.3191e-06
3.3191e-06
3.3191e-06
3.3191e-06
3.3191e-06
3.3191e-06
3.3191e-06
3.3191e-06
3.3191e-06
3.3191e-06
3.3191e-06
3.3191e-06
3.3191e-06
3.3191e-06
3.3191e-06
3.3191e-06
3.3191e-06
3.3191e-06
3.3191e-06
3.3191e-06
3.3191e-06
3.3191e-06
3.3191e-06
3.3191e-06
3.3191e-06
3.3191e-06
3.3191e-06
3.3191e-06
3.3191e-06
3.3191e-06
3.3191e-06
3.3191e-06
3.3191e-06
3.3191e-06
3.3191e-06
3.3191e-06
3.3191e-06
3.3191e-06
3.3191e-06
3.3191e-06
3.3191e-06
3.3191e-06
3.3191e-06
3.3191e-06
3.3191e-06
3.3191e-06
3.3191e-06
3.3191e-06
3.3191e-06
3.3191e-06
3.3191e-06
3.3191e-06
3.3191e-06
4.17483e-06
4.17483e-06
4.17483e-06
4.17483e-06
4.17483e-06
4.17483e-06
4.17483e-06
4.17483e-06
4.17483e-06
4.17483e-06
4.17483e-06
4.17483e-06
4.17483e-06
4.17483e-06
4.17483e-06
4.17483e-06
4.17483e-06
4.17483e-06
4.17483e-06
4.17483e-06
4.17483e-06
4.17483e-06
4.17483e-06
4.17483e-06
4.17483e-06
4.17483e-06
4.17483e-06
4.17483e-06
4.17483e-06
4.17483e-06
4.17483e-06
4.17483e-06
4.17483e-06
4.17483e-06
4.17483e-06
4.17483e-06
4.17483e-06
4.17483e-06
4.17483e-06
4.17483e-06
4.17483e-06
4.17483e-06
4.17483e-06
4.17483e-06
4.17483e-06
4.17483e-06
4.17483e-06
4.17483e-06
4.17483e-06
4.17483e-06
4.17483e-06
4.17483e-06
4.17483e-06
4.17483e-06
4.17483e-06
4.17483e-06
4.17483e-06
4.17483e-06
4.17483e-06
4.17483e-06
4.82242e-06
4.82242e-06
4.82242e-06
4.82242e-06
4.82242e-06
4.82242e-06
4.82242e-06
4.82242e-06
4.82242e-06
4.82242e-06
4.82242e-06
4.82242e-06
4.82242e-06
4.82242e-06
4.82242e-06
4.82242e-06
4.82242e-06
4.82242e-06
4.82242e-06
4.82242e-06
4.82242e-06
4.82242e-06
4.82242e-06
4.82242e-06
4.82242e-06
4.82242e-06
4.82242e-06
4.82242e-06
4.82242e-06
4.82242e-06
4.82242e-06
4.82242e-06
4.82242e-06
4.82242e-06
4.82242e-06
4.82242e-06
4.82242e-06
4.82242e-06
4.82242e-06
4.82242e-06
4.82242e-06
4.82242e-06
4.82242e-06
4.82242e-06
4.82242e-06
4.82242e-06
4.82242e-06
4.82242e-06
4.82242e-06
4.82242e-06
4.82242e-06
4.82242e-06
4.82242e-06
4.82242e-06
4.82242e-06
4.82242e-06
4.82242e-06
4.82242e-06
4.82242e-06
4.82242e-06
5.29659e-06
5.29659e-06
5.29659e-06
5.29659e-06
5.29659e-06
5.29659e-06
5.29659e-06
5.29659e-06
5.29659e-06
5.29659e-06
5.29659e-06
5.29659e-06
5.29659e-06
5.29659e-06
5.29659e-06
5.29659e-06
5.29659e-06
5.29659e-06
5.29659e-06
5.29659e-06
5.29659e-06
5.29659e-06
5.29659e-06
5.29659e-06
5.29659e-06
5.29659e-06
5.29659e-06
5.29659e-06
5.29659e-06
5.29659e-06
5.29659e-06
5.29659e-06
5.29659e-06
5.29659e-06
5.29659e-06
5.29659e-06
5.29659e-06
5.29659e-06
5.29659e-06
5.29659e-06
5.29659e-06
5.29659e-06
5.29659e-06
5.29659e-06
5.29659e-06
5.29659e-06
5.29659e-06
5.29659e-06
5.29659e-06
5.29659e-06
5.29659e-06
5.29659e-06
5.29659e-06
5.29659e-06
5.29659e-06
5.29659e-06
5.29659e-06
5.29659e-06
5.29659e-06
5.29659e-06
5.6269e-06
5.6269e-06
5.6269e-06
5.6269e-06
5.6269e-06
5.6269e-06
5.6269e-06
5.6269e-06
5.6269e-06
5.6269e-06
5.6269e-06
5.6269e-06
5.6269e-06
5.6269e-06
5.6269e-06
5.6269e-06
5.6269e-06
5.6269e-06
5.6269e-06
5.6269e-06
5.6269e-06
5.6269e-06
5.6269e-06
5.6269e-06
5.6269e-06
5.6269e-06
5.6269e-06
5.6269e-06
5.6269e-06
5.6269e-06
5.6269e-06
5.6269e-06
5.6269e-06
5.6269e-06
5.6269e-06
5.6269e-06
5.6269e-06
5.6269e-06
5.6269e-06
5.6269e-06
5.6269e-06
5.6269e-06
5.6269e-06
5.6269e-06
5.6269e-06
5.6269e-06
5.6269e-06
5.6269e-06
5.6269e-06
5.6269e-06
5.6269e-06
5.6269e-06
5.6269e-06
5.6269e-06
5.6269e-06
5.6269e-06
5.6269e-06
5.6269e-06
5.6269e-06
5.6269e-06
5.8385e-06
5.8385e-06
5.8385e-06
5.8385e-06
5.8385e-06
5.8385e-06
5.8385e-06
5.8385e-06
5.8385e-06
5.8385e-06
5.8385e-06
5.8385e-06
5.8385e-06
5.8385e-06
5.8385e-06
5.8385e-06
5.8385e-06
5.8385e-06
5.8385e-06
5.8385e-06
5.8385e-06
5.8385e-06
5.8385e-06
5.8385e-06
5.8385e-06
5.8385e-06
5.8385e-06
5.8385e-06
5.8385e-06
5.8385e-06
5.8385e-06
5.8385e-06
5.8385e-06
5.8385e-06
5.8385e-06
5.8385e-06
5.8385e-06
5.8385e-06
5.8385e-06
5.8385e-06
5.8385e-06
5.8385e-06
5.8385e-06
5.8385e-06
5.8385e-06
5.8385e-06
5.8385e-06
5.8385e-06
5.8385e-06
5.8385e-06
5.8385e-06
5.8385e-06
5.8385e-06
5.8385e-06
5.8385e-06
5.8385e-06
5.8385e-06
5.8385e-06
5.8385e-06
5.8385e-06
)
;

boundaryField
{
    inlet
    {
        type            zeroGradient;
    }
    outlet
    {
        type            zeroGradient;
    }
    axis
    {
        type            empty;
    }
    negZside
    {
        type            wedge;
    }
    posZside
    {
        type            wedge;
    }
    tubeWall
    {
        type            zeroGradient;
    }
}


// ************************************************************************* //
